 

 

 

 

 

 

 

 

 

 

 

 

 

 

 

 

 

 

 

 

 

 

 

 

 

 

 

 

 

 

 

 

 

 

 

 

 

 

 

 

 

 

 

 

 

 

 

 

 

 

 

 

 

 

 

 

 

 

 

 

 

 

 

 

 

 

 

 

 

 

 

 

 

 

 

 

 

 

 

 

 

 

 

 

 

 

 

 

 

 

 

 

 

 

 

 

 

 

 

 

 

 

 

Elev. Angulus Distantiaab Radius Distantia Tangens Gradus Gradus Arcus Me· C o 1· r e c t i o
Poli ad centrum Aeqvatore Parassefi acentro longitudi- latitudiuis rid. ab s ‘-
β β] nis Aeqvatore β -x- L L —t -η Β, -ς,
“ Gr. Gr.M.s. x y z t η Ρ s u*- - ÷ - ..- - -.
0 0. 0. 0. 0,οε0000 1 000000 1,000000 lufinnt 0 017453 0 017362 0,000000 0. 0. 0 0 0 0 23 ἶ
1 O.59.29. 07017301 05999849 05999999 57, 290040 Ο,017451 Ο,Οι7302 Ο,017,3Ο2 0. 5. ²3 0 O 13 O 22 23
ε’ 1-53-55, 6,634597 6,999396 6,999995 282636401 0³017443 0⁷017302 0‚0346O4 0·¹0· 45 1 1 26 6 -2 45
3 --58. 27. 0,051883 Ο,998641 0,999985 19,οὃ1361 0,017436 Ο,017303 0,051906 0.15. 63 2 2 3⁶ 0 „3 67
4 3.57.56. 0,069153 0,997585 0,999979 14,300965 0,017411 0,017363 0,069209 0.19. 91 3 3 45 0 22 90
5 4.57. 25. 0.,086402 0,996228 07999967 11,430429 0,017381 5,(317364 0,οε6512 0. 24. 113 4 5 57 0 -ς, 112
6 5·⁵⁶·⁵4· 02103626 00994569 02999953 92514510 6,617355 ³⁷017305 02103816 0·28- 135 7 7 76 6 22 135
7 6.56. 24. ‚120820 0‚992610 0⁵99998⁶ 8³144S7C ³³017324 )‚017306 0,121121 0.33. 157 10 10 so 0 23 157
8 7-55-54· 07137977 0,990351 07999917 71115966 07017285 31017307 07138427 0·38· 179 13 13 92 0 22 180
9 8-55-24. 0,155093 0‚9g7793 0,999395 ⁶23¹4421 07017240 0‚017308 0,1557340 42. 201 16 16 100 1 ..2 202
10 9.54.55. Ο,172164 05934937 0‚999S71 57672025 07CI719Q 0,017309 07173042 Ο. 47 222 19 -O'IO9 1 ..1 224
11 10.54 25. 02189183 07981782 07999521--4 5‚145365 07017135 0,017311 0,190351 0. 51. 243 23 24 122 1 -1 245
12 11.53 56. 0,206146 0,973331 0,99981† 4‚705512 07017Q75 0,017312 0,207662 0.55. 264 27 28 132 1 ..1 266
13 12153 28· 0,223045 Ο,974584 07999782 45332427 07017010 07017314 Oa 224974 0-59- 285 32 32 142 0 21 287
14 13-53- C· 0 —39884 05970542 02999748 4³0¹1799 0‚c16939 0,017316 0‚242235 1· 3· 305 37 37 153 1 20 308
15 ¹4-52-33- 6,-56648 6,966267 6,999712 3,733137 6,616563 6,617318 6,259664 1· 8· 325 4 43 16 1 26 323
16 15-5” 6· 6,273336 6,961579Ῐ6,999673 3,425565 6,616753 6,617326 6,-769-- 1=12· 345 47 49 172 1 21 348
17 16.51 40. 0‚2S994.3 07956664 0‚999632¹ 3,272065,0,016697 0,017322 0,-9424.. 1.16. 364 53 55 133 1 19 369
15 17.51.14.0,3064620,951451 0,999539 3,075960 0,0166.;6 0,017324 0,311564 1.19. 332 59 61 191 1 13 388
19 15.50.49. 0,322392 0,945953 0‚9995÷4 2,905547 0,016510 0,017327 0‚328885 1.22. 401 66 67 200 1 20 406
20 19.50.24. 07339225 0,940170 0,999496 2,745334 0,016409 ;,,017330 0.,346215 ῐ. 26- 418 72 (4 ¹0 ¹ ¹9 42⁶
-1 26-56- c· 07355457 02934101 07999447 27606542 6,616363 6,617332 6,363545 1-29- 436 78 82 218 1 15 445
22 21-49-38· »6,371583 6027749 6,999395 2,,176596 6,616192 6,617335 6,386877 1-34· 453 54 96 225 2 17 46³
23 22.49.16. *Q38759S 07921115 05999344 2,357416 0,016077 0,017338 0,393212 1.37. 470 91 99 232 1115 480
24 23·4S·55· 22403497 0³91÷202 05999239 22247651 02015956 0⁷017341 02415550 1-41- 485 98 108 241 2 ¹7 498
ὰς 24. 4s.34. 0,419276 0,90-,’011 0.,999232 2,146171 0,οι5830 0,017344 0,432891 ¹·43 500 105 115 248 2 17 515
26 25.45.14.07434930 c,899344 0,999172 2,052014 0,015700 0,017347 0,450235 1.46. 5¹5 113 123 257 2 16 532
27 26.47.55. 07450454 ,0,891804 0,999111 1,9σ4ς67 3,,015565 0,ς17ςςς 02467582149· 529 120 1311264 2 16 548
28 274737- 6,465844 6,883793 6,999656 1,*682527 0,015425 0‚017353 024849321-52· 544 127 142 ²70 2 1⁵ 5⁶4
29 28·47-2C- 02481094 02875513 00998987 1,80589c 07015231 02017356 07502285 1.54 557 134 ¹50 277 3 ¹4 579
30 29⁴47· 3· 0,496200 01866966 0,998921 1-,733932 0,015121 ;,,ς17360 0,519641 1.56 569 ¹4¹ 159 8- 3 14 593
31 30=46-47· 0, 511157 0,853155 0,998552 13666198 07014977 0‚217364 O,537001 1.58. 581 148 167 -89 3 14 607
39- 31.46.33. 0‚525962 01849083 0, 998787 Ι,6Ο2287’0,014519 02017367 0⁵554365 2, 0, 593 155 178 294 3 12 621
³3 32-46- 26- 02540609 02839752 02998719 1‚54185e 0‚014656 6.,617371 0‚571732 2· 3· ⁶04 162 190 298 3 13 633
34 33-46- 8- 0‚555094 0³830164 02998651 1³484575'Q014489 02017374 0‚539103 ε. 5. 614 169 202 ,303 3 12 ⁶46
35 '34 45· 57 6 569413 6,*,126324 6,998581 1‚430191 05014317 16,(7173-,1 0‚606477 2- 7- 624 176 13 ³0⁶ —3- 11 {⁵}
*ἷξ- 35· 45 46 Ο,5133560Ο 0 810232 0,998507 1,3784Γ49 0,014141 0,017332 0‚62.3855 2. 9. 633 133 -24 310 3 11 669
37 36 45 37- 6 5975 32 ,799893 6,993404 1,329135 ο,οι3961 0,(517356 0‚641237 2- 16- 641 189 234 313 3 11 680
33 37 45 i? 0 61132 6 ,739310 0,993363 1, 282052 Ἰ0 ,013776’0, 017390 0, 658623 2.11., 650 195 244 316 3 10 691
39 38 45 Ο, 62 4935 Ο 778485 07998239 1, 2370 5 0 013587 0 ,017393 07676013 2·12- 658 ²0¹ 253 319 4 8 701
40 ¹39 45 15 0 638355 6 767421 6,998215 1 193895 0 013394 0 5017397 0‚693406 2141664 2—02 2-65 3—22 A -ξ 7-(39
4¹ 40. 45. 10. 0, 651555 0, 756123 0,998140 1,215 52310,0131970,017401 09710803 2-13- 671 212 276 323 4 8 717
42 41 45 6. 0,664616 0,744592 0,993062 1,112776 0, 012996 0⁹0¹7405 09728204 2. 14· 676 218 287 325 v 3 7 7²5
43 42 45 3· 0 677449 6 732834 02997989 12074540 0 ,612796 6 ‚0174090 0‚745609 2-14· ⁶82 222 299 3²⁵ 4 7 7³2
44 43 45 2 0,690078 0,·72 0851 0,997914 1,037706 0,012581 0 ,017413 0,·763018 2-15· 688 22⁶ 311 3254 ⁶ 739
45 44 45 1. 0,·702498 0‚703646}0‚997838 1,002 177 0 ‚012363 0 ⁷017417 02730431 2.15. 692 231 323 326‘4 , 5 745

