 

 

 

 

 

 

 

 

 

 

 

 

 

 

 

 

 

 

 

 

 

 

 

 

 

 

ArcusMe· C o r r e c t i ο
{3 rid. ab s φ “
Aeqvatore β L L ζ’- —t— J A L-
5 ψ- - ”⁴- ·“ —4- -1‘- - -
-7 0-7804‘31 2.15. 692 23¹ ,323 326 4 5 745
1 6479734» 15· 695 235.334 326 4 5 756
5 0‚815269 15· 698 239 345 325 4 4 755
Ῐ9 0⁷832694 14' ⁷0¹ ²4¹ ³58 324 4 4 759
Ι3 6485612 - 14· 704 245 369 324 4 3 763
ἲ7 Ο,867ς’5“6 2 13. 706 247 330 323 5 ο 766
ἐκ 0,884993 2.12 708 249 393 320 4 2 769
¹5 64962434 2·11 769 256 464 317 5 2 771
9 Ο4919879 2·10· 710 25Ι 414 315 4 2 773
2 04937328 2. 9. 711 252 424 311 4 4- 775
6 64954786 2· 7· 7161253 435 36914 1 775
’ 1,39211510..ἶ416 662111 6321. 112 2 11 62
Ξ 1‚409638 0.41. 661 100 638 102 2 10 615
6 1,427163 0.36. 659 90 641 90 2 10 605
b 14444689 6ι31- 657 79 643 79 2 11 595
³7¹1‚462216 0.27, 655 68 645 69 1 12 584
8ι14479743 6423. 654 57 647 57 1 11 572
8 14497271 6-19· 654 45 649 45 1 12 561
9 14514799 6416. 653 34 652 34 1 11 549
³9 1,532328 0.10. 653 23 651 23 0 12 538
9ἱ1ἦ49857 0. 5. 652 12 652 12 0 12 526
F 1,567385 0. 0. 652 0 652 0 0 513

 

 

